{
  "readme": "Structure: location_name | (base_frame, drop_object_name | )",
  "table_vision": {
    "base_frame": "table_vision",
    "fumonic": {
      "three_jaw_chuck": {
        "dT": [[-0.97076813,  0.23994836, -0.00583266,  0.3204014 ],
        [ 0.23979191,  0.97061968,  0.01993183,  0.23384505],
        [ 0.0104439 ,  0.01795056, -0.99978433,  0.1026474 ],
        [ 0        ,  0        ,  0        ,  1        ]]
      }
    },
    "hekatron": {
      "three_jaw_chuck": {
        "dT": [[-0.97076813,  0.23994836, -0.00583266,  0.3204014 ],
        [ 0.23979191,  0.97061968,  0.01993183,  0.23384505],
        [ 0.0104439 ,  0.01795056, -0.99978433,  0.1026474 ],
        [ 0        ,  0        ,  0        ,  1        ]]
      }
    },
    "smoke_detector": {
      "three_jaw_chuck": {
        "dT": [[-0.10625571, -0.99347946, -0.04133154,  0.27491717],
        [-0.9943033 ,  0.10651152, -0.00403096,  0.29036375],
        [ 0.00840696,  0.04066778, -0.99913736,  0.0583256 ],
        [ 0        ,  0        ,  0        ,  1        ]]
      }
    }
  },
  "table_cnc": {
    "base_frame": "table_cnc",
    "default": {"three_jaw_chuck":{
      "dT": [[ 0.25596468, -0.96539138, -0.05001572,  0.12202713],
      [-0.96662284, -0.25501307, -0.02467003,  0.09914436],
      [ 0.01106158,  0.05466099, -0.9984437 ,  0.16157259],
      [ 0        ,  0        ,  0        ,  1        ]]
      }
    },
    "fumonic": {
      "vsg":{
        "frame": "cnc_chuck_fumonic"
      },
      "three_jaw_chuck":{
        "dT": [[-0.99952371, -0.01062413, -0.02897372, -0.13563293],
        [-0.01071682,  0.99993793,  0.0030459 ,  0.10368866],
        [ 0.02893956,  0.00335496, -0.99957553,  0.2],
        [ 0        ,  0        ,  0        ,  1        ]]
      }
    },
    "battery": {
      "vacuum_gripper":{
        "dT":[[-0.69695769, -0.71710847, -0.00232828, -0.12718627],
        [-0.71605787,  0.69610526, -0.051948  ,  0.28383776],
        [ 0.03887308, -0.03453837, -0.99864708,  0.23],
        [ 0        ,  0       ,  0        ,  1        ]]
      },
      "three_jaw_chuck":{
        "dT": [[-0.99975184, -0.01826403, -0.01275463, -0.11922965],
        [-0.01837617,  0.99979302,  0.00873083,  0.29187994],
        [ 0.01259253,  0.00896304, -0.99988054,  0.21],
        [ 0        ,  0        ,  0        ,  1        ]]
      }
    }
  },
  "table_vise": {
    "base_frame": "table_vise",
    "kalo": {"vsgripper": {
      "dT":[[-0.0407639 , -0.99912354,  0.00951055,  0.28517927],
      [-0.99363183,  0.04153685,  0.10474007,  0.28543003],
      [-0.10504331, -0.00518037, -0.99445415,  0.16027588],
      [ 0        ,  0        ,  0        ,  1        ]]
      }
    }
  },
  "table_drop_waste": {
    "base_frame": "table_rob1_center",
    "battery": {"vsgripper": {
      "dT":  [[ 0.02980743,  0.99943307, -0.01565406,  0.41      ],
      [ 0.99955254, -0.02976453,  0.00296623,  1.02062897],
      [ 0.00249861, -0.01573547, -0.99987307,  0.13      ],
      [ 0        ,  0        ,  0        ,  1        ]]
      },
    "vacuum_gripper": {
      "dT": [[ 0.49590364,  0.86536258, -0.07229931,  0.26650556],
      [ 0.85910393, -0.50103962, -0.10440183, -0.25080502],
      [-0.12657026, -0.01033937, -0.99190376,  0.22020556],
      [ 0        ,  0        ,  0        ,  1       ]]
    }
  },
    "hca_frame": {"vsgripper": {
      "dT":  [[ 0.02980743,  0.99943307, -0.01565406,  0.6       ],
      [ 0.99955254, -0.02976453,  0.00296623,  1.00062897],
      [ 0.00249861, -0.01573547, -0.99987307,  0.13      ],
      [ 0        ,  0        ,  0        ,  1        ]]
      }
    },
    "pcb": {"vsgripper": {
      "dT":  [[ 0.02980743,  0.99943307, -0.01565406,  0.6       ],
      [ 0.99955254, -0.02976453,  0.00296623,  1.02062897],
      [ 0.00249861, -0.01573547, -0.99987307,  0.13      ],
      [ 0        ,  0       ,  0        ,  1        ]]
      }
    },
    "battery_covered": {"vsgripper": {
      "dT": [[ 0.02980743,  0.99943307, -0.01565406,  0.59224234],
      [ 0.99955254, -0.02976453,  0.00296623,  1.015],
      [ 0.00249861, -0.01573547, -0.99987307,  0.14       ],
      [ 0       ,  0        ,  0        ,  1        ]]
      }
    },
    "smoke_detector": {"three_jaw_chuck": {
      "dT":[[-0.20076124, -0.97963752,  0.0022907 ,  0.2],
      [-0.97853849,  0.20042405, -0.0478813 ,  0.04844366],
      [ 0.0464472 , -0.01185425, -0.99885041,  0.23 ],
      [ 0        ,  0        ,  0        ,  1        ]]
      }
    }
  }
}