# oST version 5.0 parameters


[image]

width
640

height
480

[narrow_stereo]

camera matrix
601.922476 0.000000 383.524519
0.000000 597.750263 254.707589
0.000000 0.000000 1.000000

distortion
0.121112 -0.052285 0.017646 0.042809 0.000000

rectification
1.000000 0.000000 0.000000
0.000000 1.000000 0.000000
0.000000 0.000000 1.000000

projection
614.324707 0.000000 402.885228 0.000000
0.000000 634.345154 260.211369 0.000000
0.000000 0.000000 1.000000 0.000000
